198.5621452331543
206.0868740081787
216.86482429504395
232.3770523071289
218.05596351623535
203.42206954956055
291.4869785308838
230.65900802612305
357.3260307312012
404.0839672088623
226.56488418579102
192.25311279296875
162.6889705657959
235.6579303741455
190.37699699401855
224.9150276184082
195.9547996520996
221.5440273284912
242.7999973297119
232.5577735900879
196.8080997467041
182.99317359924316
190.88315963745117
209.35487747192383
193.97997856140137
224.5941162109375
219.61498260498047
224.08699989318848
151.18813514709473
171.40698432922363
